boundary 0.0 0.0 0.0 64.0 64.0 64.0
obstacle 13.0429 55.3961  20.084 0.411851
obstacle 23.9608  7.6088 6.83411 0.14595
obstacle  1.0795 39.8237 39.4009 0.00520793
obstacle 40.2693 16.1401 10.0124 0.487843
obstacle 40.5605 44.7447 14.1591 0.352144
obstacle 63.7733 32.4814 1.75539 0.423286
obstacle 44.4227  6.7782 46.6013 0.81122
obstacle 7.94894 24.0051 22.9931 0.872264
obstacle 62.9467 5.29655 48.9342 0.492834
obstacle 23.7318 13.6127 12.8379 0.216568
obstacle 61.6977 18.7488 45.0762 0.758312
obstacle 13.8639 61.2266 35.2421 0.962734
obstacle 14.3138 57.8672 24.6369 0.331573
obstacle 9.30986 56.7686 46.5456 0.589834
obstacle 41.3821 61.9228 44.4228 0.481183
obstacle 36.6209 9.20877 29.3136 0.24634
obstacle 54.5826 59.2649 45.2644 0.462013
obstacle 56.4039 31.5655 26.7133 0.0515001
obstacle 16.7104 55.4069 20.3306 0.091411
obstacle 60.0982 55.3956 41.4328 0.376527
obstacle 63.5417  2.6825 25.9529 0.611372
obstacle 14.3455 11.6824 46.4726 0.305159
obstacle 62.3618  51.835 53.0144 0.548297
obstacle  5.4346 52.3881 19.2259 0.296805
obstacle 49.9056 37.4203  13.757 0.491169
obstacle 61.4656 48.0588 7.93019 0.30444
obstacle 13.2199 8.39588 20.6887 0.529114
obstacle 60.6654 24.3745 15.3355 0.261201
obstacle  28.376 52.8514 41.0635 0.104932
obstacle  15.126 42.2343 26.7536 0.88029
obstacle  53.325 28.1006  61.823 0.716081
obstacle 25.9699 47.2913 39.0669 0.672586
obstacle 35.0884  58.027 34.8038 0.00439163
obstacle 15.1932 35.8509 39.0889 0.372903
obstacle 34.6615 46.6568 2.15543 0.0679022
obstacle   34.2937   23.5363 0.0740561 0.428539
obstacle 4.89506 62.3654 62.5128 0.891982
obstacle 32.5564 12.3591 2.26192 0.230912
obstacle 21.4293 59.9085 23.3981 0.536438
obstacle 29.4851 60.1076 14.4489 0.00715834
obstacle 18.8786 36.9099 32.5704 0.248697
obstacle 40.4347 44.1563 18.8236 0.534873
obstacle 54.4608 49.1429  1.1844 0.944309
obstacle 45.2599 16.7205 35.4733 0.779858
obstacle 41.4331 57.2218 42.0286 0.689818
obstacle 6.58827 28.1606 44.3685 0.932291
obstacle 7.14841 16.4744 43.1574 0.422238
obstacle 26.2477 58.2713 9.30934 0.423471
obstacle 50.2341 53.3794 37.4753 0.937669
obstacle 58.0479 30.3234 17.2441 0.701581
obstacle 10.9823 0.43928 24.3884 0.972113
obstacle 14.9277   8.984 14.2293 0.39095
obstacle 10.5165 27.0755 48.0353 0.227488
obstacle 26.8196 39.4788 14.9669 0.148088
obstacle 12.9171 26.8446 61.4593 0.768583
obstacle 44.6155 51.0861 7.34395 0.243801
obstacle 62.9907 1.26507 39.0396 0.435182
obstacle 10.2491 54.3989 42.1051 0.0970247
obstacle 0.980275  51.3068  21.4988 0.0308171
obstacle 42.7935 28.3764 16.4404 0.21476
obstacle 17.3951 26.0279 29.1349 0.815944
obstacle 4.54199 41.7432 15.0994 0.611735
obstacle 7.21407 4.44182 39.8357 0.112805
obstacle 19.7429 39.3827 22.0886 0.453356
obstacle 50.8083 17.1564 53.5893 0.901831
obstacle  3.5759 32.1257  56.422 0.499316
obstacle 20.1076 40.1929 55.9541 0.47762
obstacle 37.5119  60.143 5.12077 0.444729
obstacle 50.6307 35.3192 59.1147 0.380924
obstacle 42.2624 9.77371 25.1176 0.124162
obstacle  60.071  14.131 23.5399 0.741801
obstacle   1.859 17.8491 41.6777 0.987534
obstacle 27.4512 36.6396 44.2673 0.0917314
obstacle  31.3192  24.7383 0.277891 0.197441
obstacle 42.2371 39.3457 19.3274 0.594934
obstacle 20.0941 31.0218 33.3912 0.915012
obstacle 43.6434 46.6645 60.5795 0.754166
obstacle 10.1645 48.3045 33.4216 0.817819
obstacle  56.214  60.532 39.9916 0.382299
obstacle 47.4084  47.518   38.32 0.947805
obstacle 32.5558 36.8663 11.3705 0.275299
obstacle  19.366  9.8465 27.9849 0.0100041
obstacle 56.6505 28.5303 47.3326 0.350588
obstacle 0.879159  3.23503  63.9554 0.00650523
obstacle 10.6624  37.482 9.13988 0.557853
obstacle 14.5012 27.5465 14.5681 0.232069
obstacle 38.4197 19.3654 28.6583 0.0619822
obstacle   35.55 17.8543 5.83298 0.304934
obstacle  21.912 48.5714 8.11505 0.692562
obstacle 11.7587 36.2863 25.5818 0.554727
obstacle 48.2663 4.46496 2.36818 0.303346
obstacle 46.0324 39.2067 50.4133 0.325157
obstacle 25.7581 18.3191 4.02116 0.596923
obstacle 45.6386  9.9544 41.8594 0.0181367
obstacle  45.694 35.4358 63.7414 0.432104
obstacle 38.7677 26.3469 37.6009 0.937598
obstacle 18.5177 35.9405  50.444 0.399878
obstacle 30.0297 30.3941 17.6994 0.559523
obstacle  33.075  44.518 54.0969 0.778157
obstacle 60.7429 51.8307 58.7734 0.756375